326
0 3652
1 18180
2 24590
3 29218
4 31929
5 33340
6 34536
7 34764
8 34606
9 34009
10 33660
11 32699
12 31777
13 30466
14 29196
15 28098
16 27039
17 25802
18 24732
19 23594
20 22604
21 21337
22 20554
23 19455
24 18387
25 17227
26 16644
27 15569
28 15106
29 14141
30 13603
31 13468
32 13224
33 12540
34 11572
35 10684
36 10223
37 9533
38 8935
39 8446
40 7842
41 7442
42 6937
43 6325
44 6150
45 5838
46 5396
47 5031
48 4965
49 4602
50 4297
51 4152
52 3845
53 3624
54 3461
55 3169
56 3088
57 3019
58 2563
59 2553
60 2380
61 2251
62 2151
63 2117
64 1952
65 1807
66 1701
67 1577
68 1575
69 1417
70 1405
71 1229
72 1213
73 1182
74 1139
75 1019
76 994
77 891
78 907
79 819
80 827
81 776
82 662
83 664
84 638
85 549
86 584
87 524
88 562
89 521
90 477
91 412
92 475
93 441
94 372
95 335
96 374
97 352
98 325
99 301
100 307
101 272
102 268
103 235
104 228
105 209
106 209
107 202
108 170
109 158
110 158
111 183
112 170
113 148
114 161
115 119
116 130
117 130
118 129
119 122
120 108
121 109
122 101
123 90
124 84
125 98
126 76
127 78
128 79
129 81
130 82
131 61
132 66
133 51
134 46
135 59
136 59
137 56
138 48
139 52
140 55
141 45
142 42
143 51
144 43
145 45
146 44
147 34
148 33
149 34
150 29
151 31
152 28
153 32
154 23
155 20
156 27
157 22
158 33
159 23
160 28
161 12
162 26
163 24
164 24
165 22
166 15
167 10
168 12
169 17
170 16
171 19
172 12
173 23
174 17
175 12
176 11
177 10
178 13
179 9
180 12
181 14
182 17
183 6
184 13
185 7
186 8
187 12
188 17
189 5
190 10
191 8
192 8
193 5
194 6
195 6
196 9
197 1
198 6
199 6
200 3
201 5
202 1
203 2
204 6
205 6
206 7
207 2
208 6
209 5
210 3
211 1
212 6
213 9
214 3
215 5
216 6
217 4
218 3
219 5
220 3
221 1
222 5
223 8
224 4
225 2
226 2
227 3
228 3
229 2
230 5
231 2
232 3
233 1
234 5
235 3
237 6
238 4
239 3
242 1
244 1
245 2
246 1
247 2
248 1
249 1
250 5
251 3
252 1
253 2
255 1
256 2
257 3
260 1
261 2
263 1
264 3
265 1
266 2
267 3
269 1
271 1
272 2
273 1
274 3
276 1
278 3
279 1
280 2
281 1
283 1
295 1
297 1
298 2
302 1
310 1
311 1
312 1
314 1
316 1
317 1
319 2
320 1
326 1
327 1
328 2
332 3
334 1
335 1
339 1
342 1
344 1
347 1
352 1
353 1
354 2
355 1
372 1
375 1
377 1
379 1
392 2
395 1
398 1
401 1
408 1
409 1
411 1
413 1
422 1
425 1
427 1
429 1
451 1
467 1
486 1
491 1
506 1
513 1
553 1
591 1
595 1
725 1
736 1
878 1
1382 1
