140
0 18
1 939
2 2851
3 5627
4 8682
5 11992
6 15383
7 18480
8 21303
9 24132
10 26103
11 28123
12 29525
13 30568
14 31093
15 31711
16 31785
17 31484
18 30828
19 30466
20 29768
21 29011
22 28379
23 27201
24 26389
25 25344
26 24155
27 23200
28 22088
29 21160
30 20509
31 19351
32 19840
33 18843
34 17570
35 16413
36 15723
37 14468
38 13675
39 12770
40 11761
41 11267
42 10455
43 10019
44 9162
45 8482
46 7889
47 7159
48 6722
49 6389
50 5777
51 5392
52 4963
53 4660
54 4169
55 3950
56 3590
57 3265
58 2899
59 2736
60 2460
61 2246
62 2150
63 1866
64 2237
65 1627
66 1422
67 1255
68 1144
69 1028
70 911
71 853
72 750
73 722
74 633
75 507
76 513
77 450
78 350
79 324
80 329
81 308
82 250
83 238
84 195
85 175
86 150
87 132
88 111
89 109
90 107
91 84
92 89
93 75
94 65
95 69
96 68
97 61
98 45
99 47
100 36
101 41
102 36
103 27
104 24
105 23
106 20
107 11
108 11
109 15
110 14
111 12
112 7
113 6
114 6
115 11
116 11
117 7
118 11
119 4
120 4
121 5
122 3
124 2
125 2
126 4
127 2
130 2
131 2
133 2
135 2
137 1
138 1
139 1
142 1
145 2
148 2
155 1
159 1
173 1
