156
1 1
2 6
3 32
4 98
5 245
6 597
7 1166
8 2003
9 3176
10 4720
11 6511
12 8521
13 10613
14 12921
15 15052
16 17101
17 19193
18 20803
19 22468
20 23575
21 25112
22 25898
23 26820
24 27635
25 28236
26 27711
27 28270
28 28255
29 28121
30 27956
31 28313
32 29639
33 29653
34 29129
35 27688
36 26430
37 24811
38 23597
39 22430
40 21016
41 19762
42 19038
43 17767
44 16693
45 15750
46 14740
47 13553
48 12797
49 12171
50 11213
51 10683
52 9996
53 9235
54 8588
55 8060
56 7537
57 6931
58 6305
59 5922
60 5409
61 5123
62 4765
63 4373
64 4033
65 3879
66 3446
67 3184
68 2897
69 2714
70 2398
71 2235
72 2055
73 1974
74 1753
75 1631
76 1481
77 1345
78 1267
79 1156
80 988
81 915
82 846
83 763
84 710
85 615
86 560
87 505
88 498
89 431
90 397
91 333
92 309
93 279
94 239
95 223
96 201
97 205
98 183
99 141
100 134
101 121
102 103
103 93
104 74
105 75
106 72
107 43
108 67
109 42
110 44
111 45
112 35
113 36
114 28
115 24
116 26
117 14
118 25
119 19
120 13
121 16
122 17
123 11
124 15
125 11
126 9
127 9
128 5
129 2
130 6
131 5
132 3
133 3
134 1
135 1
136 5
137 1
138 2
139 3
140 1
142 2
143 1
144 1
145 1
146 1
148 1
149 2
151 1
153 1
154 2
158 1
162 1
165 1
166 1
185 1
199 1
