701919
406020
778799
637250
123410
151025
389891
332315
724549
715875
256711
111127
275603
134090
269277
254139
684893
191606
171298
375693
279794
365266
105995
459458
291979
802998
554603
564304
427311
6487
445677
324318
71999
159434
182136
408584
69075
565720
719244
689683
634783
769930
940534
821946
775113
826999
283435
918157
316761
554603
993149
44864
230041
101594
447084
483866
874026
239845
122964
447559
62141
689947
890693
588955
770217
576180
987653
993650
23243
694517
953080
633031
107079
894402
389448
552964
125221
725956
234634
8486
870705
131139
31395
714902
98788
8725
900912
643125
6901
386717
815425
417709
737333
528072
767862
916842
879544
202377
37734
694679
359998
633031
408641
619212
689308
397849
112707
839308
521008
509123
475121
301110
114500
414105
464185
300413
540159
169403
502681
539903
545686
774318
634783
824298
95324
458550
122964
60332
130436
991712
459414
330853
286866
308582
650758
98093
121393
302632
748431
497700
75837
289401
542207
909027
652311
341145
750347
929139
314695
600185
105824
541480
222760
305831
901082
728786
220402
286057
358100
252586
685960
865694
468128
669046
771967
42304
107311
692944
522584
936287
605599
650868
305761
279626
885776
60332
72408
732207
608647
730660
584665
367657
314000
98505
618141
38025
189061
274950
528878
248392
289401
273578
183086
12947
589907
792136
33815
691320
654827
308376
291995
104212
258159
680786
317725
247730
53202
760476
832885
412007
998104
606225
326765
718879
771575
613354
435899
116661
293798
594500
143890
1780
158929
425731
801375
367657
276145
398218
865236
33885
6049
509270
782908
214730
503055
877056
846890
80741
430977
943274
444523
1694
392078
244132
946913
529020
94984
483934
124157
633751
48681
19626
664930
486395
127541
524729
519226
235365
480768
799489
145817
16354
223912
411616
621828
829976
783074
535314
874766
612416
506094
278635
392543
83716
127947
928638
458580
451807
242446
488515
165731
522347
353006
857074
299769
449521
126038
988580
239198
933683
859408
560866
850599
177172
738315
13924
695560
13530
107013
883150
726745
668589
13199
75073
385548
594472
13674
404004
527908
639350
173855
750203
118328
224439
426218
932230
17835
157146
663446
242364
290712
634735
634647
106645
117248
88487
204031
664651
352540
951825
774012
521738
540091
956600
500186
233419
973252
195155
740273
504005
738315
69009
840364
68622
382793
948105
300233
82161
363920
141407
196970
997301
564134
15767
918910
522870
523499
840013
71496
168420
311644
26537
923656
503075
745094
17820
999785
466537
386006
89516
490543
106725
14557
874026
542506
107013
411405
616647
859909
439316
111127
956803
196147
681324
60813
13390
91171
255763
922857
154262
60946
703355
521926
473350
243338
875444
598078
129671
292407
506541
91171
292225
886984
539606
314115
503394
748449
842224
719261
883150
518351
687346
492535
461117
564915
504005
176861
810425
80741
390019
365917
335334
733072
122964
810814
599653
512477
594469
886984
63204
385367
545250
18765
149449
59796
564171
601005
524861
143174
549575
21858
235238
564079
485917
70712
474108
383447
36146
246298
993337
790404
123621
850085
696831
181727
618998
725721
951995
412870
744092
813050
515979
815373
294415
17690
615409
469573
465834
814718
863580
704014
780250
304000
650489
876941
575002
982663
748449
567228
695475
759416
300877
208210
584653
498263
186351
414508
856406
672126
15100
684487
962069
535118
676763
990225
955480
737274
172825
476566
664651
238319
385512
863186
163904
854177
373368
437947
119719
999420
52115
89953
816050
194199
927300
38375
237457
781489
945269
762253
157776
241640
445012
766368
112914
543351
92443
78728
545747
177528
414434
255959
890871
657341
781306
991949
532700
284603
741485
68339
424949
275622
168422
821946
422785
585262
393085
514133
521525
776949
466823
488105
725224
554603
718879
632738
198695
948071
45299
180662
20481
750926
726227
332914
105824
135688
20712
476357
191680
928413
675461
930240
565622
301586
138169
544370
484635
600886
604424
598050
555894
259891
833902
83200
10105
441057
986712
208380
835844
178267
99219
326484
15432
444172
826300
713615
268855
101462
886266
196874
13525
326484
160640
43065
636234
201368
425776
950714
35209
473038
967415
195742
819679
972637
6056
122342
181408
36388
23751
314548
577372
538745
38622
975412
674103
56154
604764
767841
376144
412007
39491
129373
666948
38518
39470
893144
893144
902572
863128
917506
758289
716051
386717
310033
925200
966044
542826
471372
84765
661651
932230
141039
216466
423694
373488
247044
530423
216739
472398
428590
845425
40910
827585
756024
425829
923400
365822
305761
442688
767210
584161
877935
166417
604424
234592
604424
792052
252937
588693
604170
484265
589277
306024
968618
554087
207426
77325
453307
297193
16021
207172
825210
10604
100192
867226
615223
964399
85263
925918
586672
540546
101248
321845
209661
799489
131083
241640
105356
715355
5864
537491
487421
266097
469840
214278
542826
549781
418450
785861
619428
523402
305890
419860
637042
487429
599127
517762
725534
866867
180921
306128
263746
385548
459121
657314
152899
527482
123533
737503
79835
158148
172392
235238
709520
943051
811022
695566
151364
385548
385548
353717
995443
113009
564131
122716
619130
521185
997301
141450
97224
163823
874766
44864
545634
560866
113036
443727
736543
188406
330805
383427
819950
82424
32738
325500
447311
183086
68339
353719
962562
962562
185328
939168
593763
845851
219157
228245
989924
91043
86754
996519
847923
76362
966957
438628
82377
423069
474231
55460
743834
471477
753931
622931
238501
498721
330311
640310
693826
54627
444325
39903
595260
749468
889415
390300
685831
213065
63656
787611
861037
473436
525504
23454
364142
88225
279065
83011
399158
449521
618026
188526
68806
5798
881179
868731
434957
426508
137590
42714
635820
328676
428310
437247
514133
16841
171298
224122
521878
89265
922857
308167
23442
471899
500303
5941
930632
882785
903334
899134
521738
805297
692860
168922
570376
193413
758800
808829
874007
274348
424581
223032
663349
326134
608098
332914
474727
293864
577880
60470
196970
124742
69863
72749
565346
112793
557734
193171
610187
161223
724485
932230
234668
748743
305761
869057
465045
70712
876941
105483
194569
257340
299807
532700
59274
840448
753645
510173
7378
525172
527781
915642
605387
275149
61727
905228
193171
6934
593773
416806
817457
474379
344891
241051
472366
84765
182145
474290
753931
780612
661414
790447
194301
999747
105201
166666
896510
540363
64087
806156
750541
761563
758800
397424
284219
88698
812870
590551
199022
83733
429576
195232
57613
992197
597212
365917
663716
104725
720541
254428
369756
886984
860531
272318
494644
360193
502455
673180
479031
959625
479215
983892
594678
840016
822037
891081
715693
11053
111395
233461
873859
921066
518120
193171
854379
847866
479174
522955
145233
12011
939522
559575
925119
486833
68707
499432
501851
630855
613711
486157
834845
239549
30289
204517
188280
90077
64476
816050
91171
66038
742773
839728
55727
422075
122741
32469
424531
566262
720541
121930
688673
364239
270595
699790
925419
326484
555120
684487
787557
724549
917933
531344
921457
476849
42714
365327
230041
526624
109369
168422
107897
367663
749468
122220
941817
787772
546036
481409
566262
280460
37050
23440
141542
483421
127527
630381
238565
814361
101646
329091
953470
451801
840707
429960
323913
256339
223467
59433
30606
405064
197489
881671
517063
105060
595381
724401
205787
595166
871555
121930
117506
594827
575002
796298
819950
392078
16581
433280
886984
497307
549237
876406
467857
428156
575182
751171
542657
237388
584653
470965
88233
511616
325875
532700
704935
527684
887340
199535
118120
305574
108025
470956
594678
96377
82645
795859
794070
130140
281017
243928
240850
726668
811653
375595
825343
521992
386717
684893
609453
921840
832721
900539
488372
449120
683982
882715
389524
506818
470956
569965
521992
52841
195347
127947
273236
559791
119719
152758
105060
564915
527684
247452
274505
104695
122909
48772
549235
83011
299249
268817
172482
157504
972602
70712
135906
813577
146540
878842
664152
154830
308167
418220
192750
801375
497314
112066
275603
901608
558738
336609
493041
612783
510926
783789
569918
82377
722475
85597
861147
515084
291208
161380
132381
852798
274038
564131
916154
83624
965261
288954
433392
340206
321957
343538
763790
494781
883962
612153
345418
688897
902560
453846
310589
603094
121887
180809
900842
520842
440682
294048
185483
488965
863364
763168
336793
631938
290456
174550
498200
276005
225335
404051
55460
503640
333877
873649
698993
538589
59813
652603
12626
645283
465255
777848
394454
926810
666827
375169
955005
142062
981155
403173
279065
205051
479310
492798
421205
60020
908951
272624
153083
893777
570114
881616
930256
657677
615871
356742
390597
352131
89496
396745
452272
672916
121930
527482
99228
247044
122422
850012
213788
716755
20962
23711
660702
126807
595166
840707
397007
636234
684695
175238
841603
15729
990270
435913
218050
671073
902152
658397
584161
619428
508137
527482
185919
456739
191785
712286
936140
221501
864018
71102
294048
430616
265832
669794
1567
794710
569005
169224
895806
811782
244753
546054
507188
637250
19892
195438
449521
83263
588764
869455
107452
749381
423634
705006
340271
725192
59336
287111
458941
411119
379203
385548
262685
311910
599127
618026
168422
515186
477331
292369
553465
106725
195422
340471
458151
483934
72711
514133
274844
523402
31818
254938
428468
93814
957242
902493
972716
254541
8774
202577
870199
638115
299769
883690
342636
186789
500303
353114
635271
800299
116786
666948
407679
21642
237260
101462
548722
83624
346593
469348
159963
339795
382519
920013
551577
24352
665842
336673
716950
977848
900320
943201
104212
310033
725882
521865
419365
863211
902152
562246
54145
113009
896849
868187
113968
149542
705614
227741
219391
392609
264870
162968
310625
406174
86876
461367
982743
545747
716051
794999
124157
937541
174511
527676
557729
754750
616981
191176
529767
774250
105448
249629
513968
814198
351089
481967
487083
375827
543308
853929
122741
735401
527072
165898
242104
15767
750608
849650
229540
481639
475764
255968
142419
746948
313334
486439
766333
371850
702205
218050
706344
711720
65471
246032
369673
5416
442734
350254
133441
4177
927058
310189
219333
412541
215636
455699
439722
495664
131588
620446
134910
196250
836639
786366
853929
236456
38308
564707
562994
245831
734876
909566
243922
408115
584479
28385
122220
862654
422114
115496
940350
452652
937576
207702
26667
664167
821941
550112
420744
19405
466537
551937
718269
587200
565818
879810
293100
617356
23260
467857
394807
759852
489955
155329
598689
968283
678950
896586
236698
461174
712964
116786
503573
315933
464408
987677
704280
606511
341484
393400
954395
334355
194399
789767
712758
400687
966307
659125
695241
42132
342085
678581
711049
194515
481040
763683
497766
392078
978623
560883
394454
695560
127527
798259
546879
571328
159434
675006
449521
777631
172595
896164
355131
282093
938357
381863
373812
14467
53555
168453
682079
774898
408616
449521
826067
118248
208380
597293
389448
41199
955647
305287
466951
929446
719261
884334
125880
486833
498207
791062
994605
956776
73486
107452
232546
961704
492409
47334
194544
870870
180809
54363
118248
342685
475110
222760
402731
673180
472396
635489
996136
621337
451684
244558
716877
547868
196030
855182
152911
215479
950339
540938
180611
732386
291327
574213
369795
360700
532230
337295
165474
195561
315774
351089
597616
731799
38375
329671
465931
177058
521865
174625
842414
329930
948741
998104
745190
424581
562749
696538
977951
742175
695560
90898
564915
887340
183474
73717
940210
984498
393510
502199
936313
138963
385548
947165
13390
160902
138231
206573
685055
524532
724657
695295
42132
394322
751612
76015
791365
815089
365974
37426
244354
851216
81629
85457
17744
891361
404836
224322
431408
854379
186499
706382
512107
176336
939646
164253
425731
886984
110287
82168
577080
691725
214493
812591
670275
135063
515979
748038
724485
796889
982589
192924
405751
155944
591588
309726
305593
65625
110376
364380
290604
401717
570113
723551
365733
675687
510263
987744
426738
673541
360678
448909
913278
80071
540540
402040
630976
490269
403935
264171
238629
964809
584376
423730
242439
84765
769313
879794
402040
411178
347227
333476
724356
707849
425040
564915
770990
364142
191767
659998
630381
184644
772012
792901
769727
978451
417256
70712
600886
16215
697962
790746
735721
420280
539265
732560
52358
805297
87063
703575
264171
984489
28899
563104
947225
67573
521992
889415
463768
538708
903334
193171
404105
695884
60375
138190
893777
81116
735722
27386
17729
304915
518755
15605
77513
401337
107452
449865
595505
808596
424785
690360
955816
159957
870857
141263
32738
951780
66038
298942
392078
518756
929692
152758
643731
771349
883150
989268
811506
696858
587073
748730
486833
744201
844098
432604
516652
336022
389739
41078
24033
896627
847624
709486
918204
257340
937954
950599
198466
204500
563979
734198
464275
813479
557933
609258
768976
470956
594135
105060
330352
279916
967327
483820
503242
902580
653733
17086
592906
559918
73136
356161
120582
989325
332487
173599
461598
12654
64532
46783
410962
289020
186499
24193
278626
444269
122220
14465
34266
188852
622040
580058
61354
101646
129770
654372
44012
233759
400687
337902
462245
654835
991039
373488
686273
963298
187512
361373
763813
698386
186062
875458
86439
129693
42523
924966
785474
556502
370608
366198
53907
936909
578476
333015
650974
112982
447068
813193
39405
609199
490269
361686
190644
846162
62141
517631
962013
457475
970784
535118
718016
615918
583105
670764
429275
120613
84765
877582
190905
768111
15729
890713
204591
423694
342085
605099
41976
652522
307699
21150
193521
533749
786861
280152
535215
69823
698460
153036
77305
483934
680346
406621
451834
515886
123621
321845
828484
78546
214991
337246
645273
917933
358100
98487
105824
14743
225646
30712
500303
204497
633861
478685
619428
836252
526020
129728
204646
204646
629286
181727
903430
893289
562246
966955
877091
877582
381960
193171
318028
66969
905652
912521
548722
46008
411119
69863
59326
809283
919279
410010
398234
193171
260943
364432
527676
85726
225425
886984
385548
42382
71642
342141
372317
426842
483862
886984
598600
625303
263963
528072
669930
715259
381975
785625
335334
750766
962013
543045
290332
19038
487485
591690
173980
14465
982009
630553
806340
320967
429576
231506
633031
902572
958730
431589
269102
115195
470956
857074
542292
801189
231153
316638
920211
13924
659998
19048
845568
271985
429576
8212
122422
136828
971211
18548
54571
82161
114191
110822
198449
105803
155362
707858
326872
186508
748621
207783
513476
785505
832885
252682
771719
203379
477262
446461
845709
623414
92348
193938
596463
425764
452657
774841
783835
857229
253764
501836
408115
413655
420280
453388
14199
335239
193127
111127
515886
206989
742744
929919
888245
567735
327324
929919
253898
855288
233633
271262
174511
796701
241051
469672
396313
246653
957652
411405
251891
209661
298093
812908
707801
560408
816476
521878
270105
140656
522949
174502
560480
804163
595505
179414
401139
450739
835852
397445
104506
247471
150345
5863
301203
127898
64861
161380
851875
921434
695869
219192
632241
617687
449521
35093
756371
422191
233931
130140
516521
466710
812200
298433
134090
729283
270655
842055
559803
409973
462899
84765
33618
505793
662211
704935
407727
182641
244558
13668
30812
305654
99016
110244
91431
431081
437315
996136
688441
193171
798087
956473
930719
962562
466305
901723
940640
503573
168422
159348
406143
121563
362973
348253
131771
986712
662500
769930
781212
61727
946961
730500
679316
525404
423279
452033
84284
439589
463968
37132
498721
91171
956473
718879
193096
872933
112982
559975
183137
678530
186652
709867
997100
723456
832820
237260
166294
989592
17226
3261
367802
364216
707846
157721
510847
365974
990270
868388
726836
564131
275182
244914
770661
302632
238565
176315
330585
94532
842495
545533
992786
960147
134981
940845
491913
319573
436418
192340
66116
24414
564915
854573
257795
698174
879938
353112
114095
588981
542446
530898
739359
651802
112231
2965
732417
324192
80863
861072
108965
518761
664651
940617
919582
30373
850197
23516
157699
434195
400832
141920
112231
471812
239845
278610
686829
684613
733506
223152
707293
433292
253367
242446
588765
481766
570746
925965
426508
585053
557090
622591
662928
632179
61257
745824
351064
592413
497402
256348
216464
343431
168937
385548
657678
854373
246509
508603
159348
494571
844726
710648
937665
940617
494571
114911
471812
458870
427311
489227
158521
932425
715208
952131
337127
835277
249839
678530
917812
436595
952131
111401
344034
513968
937541
945215
74533
425731
989982
569403
995665
734992
151908
114224
551937
269122
455352
274038
168422
432835
157499
940061
620228
362740
196960
196037
684830
382921
168422
111258
24089
280469
241051
214493
819911
617257
230148
712964
559803
910667
168422
636238
61607
760399
635534
697527
170292
336972
532576
886984
515461
625871
131664
674863
273023
76544
964399
787807
530612
122050
498721
528699
818677
582163
196627
285006
881671
993695
920797
953470
24414
515215
486833
307229
629037
929544
540091
548017
773737
589719
851875
979921
533007
764133
750012
251581
293916
696576
84765
173521
738705
163708
699504
224185
505367
320395
309123
226650
998472
471645
956776
451248
379271
463330
624539
219703
947365
503075
584665
401744
844390
777571
477993
509952
837923
849575
76747
589907
736445
20716
286847
933888
573988
829275
790097
880691
539919
986023
105995
526608
60470
924037
245462
611104
417815
453457
817321
248044
12905
549781
42714
411482
430290
666636
180662
29991
83056
151754
473922
977703
636785
82424
83011
89584
70712
198013
955614
244558
964868
466515
520373
342085
545353
959403
384676
356878
365917
525350
307951
411456
733737
809753
471372
83011
671639
568114
256063
488616
79609
540938
156897
814997
77304
624264
288318
284914
193445
392078
245677
216706
227322
821038
272318
893289
272387
238501
670275
88261
543045
381793
497307
61415
174015
623427
61838
342235
432941
805904
487429
559975
339063
823836
352609
8934
449715
659280
932468
122948
466259
684830
105824
174398
422789
528878
392572
727527
685
120651
168190
521992
516713
412494
652866
273732
568228
693712
277846
438928
79528
559918
271643
237388
414505
479541
489348
733498
232406
302502
439130
503075
216464
438148
384466
532700
172595
70059
112941
350403
663208
518854
524368
481967
17086
332176
785861
542514
490643
16874
106903
921457
532700
835909
391258
838445
22578
69863
665392
857229
279065
819950
5626
543629
265832
299929
129728
126287
171618
10016
529804
210356
837522
276400
351125
256811
390022
222201
275873
987961
264171
281235
197166
23060
836002
233904
380705
598900
778020
970660
763877
953410
750541
527224
288198
759220
70059
707801
915852
3261
497619
202027
743108
694802
754750
956149
763128
79289
339795
992615
555759
431408
703895
980543
893755
191328
449521
98864
387454
319020
793124
672126
119625
62463
28385
523288
456922
706161
262849
368749
635461
919164
919279
714700
286168
108206
224816
278168
996828
902916
932146
258059
295058
923170
887943
236514
748946
505012
251891
270680
403069
326164
424062
875458
318002
192201
30797
416744
278168
593882
311135
138650
69818
238565
729867
527770
509955
72680
835852
150583
151104
174327
94422
676845
675136
892753
255800
584161
892753
892753
314695
216739
768775
221841
111153
236252
338386
308282
301586
311507
602579
780303
628497
570276
833057
175238
803287
956846
28385
248228
16544
30958
592987
260143
521865
658795
122948
365245
70059
672916
417383
31175
549425
101243
242339
63760
15432
458358
66318
396012
156052
426725
214585
93837
874905
547651
487406
685897
83011
20173
886984
530876
296809
802292
791815
355432
919672
121393
272387
210284
506801
326484
646976
287514
854568
854967
62833
464824
391755
262448
391836
451176
156897
932468
342703
920797
291389
193171
268336
366415
940547
590036
916060
254708
292616
569005
906842
186062
412092
127947
126237
526992
162349
67807
523402
358505
330886
313406
996136
686593
356535
311915
462339
155329
316446
783369
230275
501922
361822
69196
121930
710982
794710
819520
839582
410654
755150
251444
245722
181312
296589
274766
867679
909027
448909
55279
206746
611403
252027
879035
360431
483312
762647
69075
805881
263351
847453
654773
316545
910138
509630
319523
148056
522347
296148
230148
459423
499685
306024
993337
16346
510697
658532
296755
503569
701816
940704
159269
594497
355864
174386
703947
63968
693126
374132
997167
237107
119344
868187
310482
731946
336972
239845
978474
145956
14496
927140
301898
332914
521963
385548
198302
36769
738240
184800
38206
71159
296755
619741
297193
521259
813965
354729
699770
695310
502014
528306
699704
16384
705710
193938
45299
362574
207389
334644
359043
818165
899546
128976
641544
225462
565068
310625
823042
252608
121393
522376
385892
105060
168422
306382
518590
765111
473922
278744
94670
278626
105060
80155
528831
638269
358962
815396
902930
227640
815445
104890
633751
49291
759782
452647
568114
272387
274038
573031
647287
549781
291327
12384
588678
529767
728708
733825
63204
235398
247189
42132
939646
527482
833902
440979
162704
664152
180843
387607
641544
111153
266275
376396
142478
126545
122220
262673
713962
689947
471630
133152
343544
311057
612153
105060
925918
528306
696577
122220
790746
232300
473922
658532
689910
420053
521878
381093
3363
752087
451805
691418
302028
559530
531271
788046
153036
54539
127527
61038
516760
465359
179515
442338
243482
674816
218384
777161
45817
490068
733072
524030
285300
782693
157721
930719
163665
527684
861821
630263
505367
1705
151908
243306
351361
462787
788046
256348
525437
77450
711581
410578
593763
65461
745202
679445
463971
194986
908984
368996
113994
237484
314390
231153
863428
622265
354522
261690
576755
211979
526992
213132
50190
407679
439236
86925
195659
372092
483539
181031
882774
359225
419712
675977
174153
618026
15783
844709
244558
802019
669007
988409
436403
788046
826067
354516
618026
980927
31235
877056
183137
737513
401475
665501
41740
570770
69630
957385
427455
523664
1929
692952
570114
373448
575002
714241
191055
222095
53291
412007
655463
996747
671142
991949
919984
828831
392078
871081
443165
825863
353361
666965
39534
542309
992854
402885
184603
603741
876845
876604
217815
9257
564249
46006
926676
624217
837067
879810
816328
640616
537731
641801
173719
351089
193158
805115
282766
448346
772996
635820
746484
424531
911974
19628
756459
541588
631113
691674
113994
144728
305038
122544
956473
730500
168422
632697
644061
789051
556689
49667
130880
389670
113899
785861
424199
7231
458046
514198
308376
337847
488354
863799
79387
524478
244558
97881
587780
274651
364591
618740
661404
532700
79387
465255
301586
448240
341107
160482
878686
226391
996123
467086
595289
807315
670109
885534
950566
396792
204370
16384
958712
133303
47136
803287
661746
292413
291357
370608
197255
929544
969321
439870
915910
424144
707618
113815
492633
172595
934587
909027
100155
809526
423442
241880
37426
39767
900460
190707
306128
836047
464439
323516
743302
533260
932146
299145
195559
215429
201763
630001
180537
85795
13199
507154
666636
62991
88314
30033
518590
73952
263778
310073
325344
82918
356894
23751
733825
255800
785861
844237
612423
108965
422114
612796
372812
227405
304419
291871
33738
93837
197345
224147
373812
835852
241018
310996
949959
385548
449521
538633
790746
387079
757232
20147
351125
896873
647287
825967
547978
834251
947332
242364
682180
569013
841410
548150
936313
175007
328161
385548
20716
735228
61595
963202
239845
524861
405064
521864
570255
390004
255903
525172
162968
389935
806466
155463
24869
789367
219439
617268
528136
305303
104890
562318
597616
123621
637889
96209
195449
564915
735331
234017
388513
253290
630115
276145
317918
111127
748846
68762
3138
969290
84765
554761
684390
301999
62730
710648
689947
80155
223233
217136
105437
579116
306266
174511
454500
623427
521992
840781
194986
70712
560473
393033
598051
877076
12365
778759
677066
86433
393723
73247
943274
402040
274955
59935
611019
402040
903430
629437
683977
353361
985125
180550
257158
243545
678593
839582
327159
393758
62987
326268
823157
265623
69863
785861
842678
498340
748069
401734
560041
228852
644227
221991
731946
586922
338266
322689
374949
636845
610832
822037
675008
868117
744524
480484
719645
41740
375730
981506
734271
675763
511492
615938
537676
342273
724800
881671
1949
754362
214600
215810
502681
193954
14199
695551
24869
399158
528112
487642
279100
758800
783558
295452
257158
555911
361687
977703
959604
892570
217362
398204
242364
729669
142344
514396
856615
398515
805334
964757
23060
123113
235077
72096
398208
900014
780612
934587
585809
885648
430616
239877
425040
483734
543874
421643
60946
458759
492577
75428
41156
215821
273880
720290
360107
730122
531669
755979
620341
180662
653278
535405
345418
930256
855836
324875
820876
425764
875806
270105
255130
399343
260897
132828
184002
635461
932162
76747
472324
876863
929673
56912
200401
479438
343433
580110
753931
140384
85989
278744
724943
127059
835038
368435
261871
70059
602729
249594
529378
740761
505001
893604
299807
420460
94031
336793
228321
712964
695483
224584
465073
576753
618026
472474
828484
18394
608176
555793
19015
432534
602005
900974
550695
265980
643731
189182
217263
697924
268828
471243
407500
364216
909871
594665
982987
714700
332117
735331
852706
56388
204508
383057
729982
755001
931105
602738
95359
745248
909027
845571
149979
268871
406174
887943
468128
883465
991965
167051
401644
876158
200109
699279
401139
630115
910455
190644
12947
595128
974764
886984
647462
670277
218160
595343
503055
594169
218057
9603
524968
550112
421882
449203
180687
925246
570121
441194
882947
552964
970401
832421
30527
180687
100192
557461
437285
237910
615366
534726
193570
404105
528430
390022
693422
864057
77261
949528
105060
594472
542483
121205
594303
342748
896826
151489
111127
417496
287633
905935
398879
918136
469124
241051
440924
879840
62141
957541
665963
18096
189593
390747
105824
9535
373905
521259
830890
972637
715875
726818
593665
671142
916476
750044
612153
835933
19810
89953
854711
633360
309123
531595
749662
81095
305377
313419
388531
877056
21642
415605
227405
914299
566825
166264
839528
243306
994826
902528
446693
215997
451805
147167
421722
400163
743842
721471
851889
790501
95485
383043
176379
392219
695826
684487
423141
545353
905075
806140
445038
893579
858181
245459
402851
710139
464829
638524
113157
758642
338385
476623
647215
445023
607884
940210
445787
338607
292413
861366
44052
469672
111096
445373
170090
654163
695473
767884
416351
558853
654262
891607
913751
849867
681808
658153
124273
657341
572744
168422
487898
759762
454644
645471
38448
631927
506410
742278
105824
655531
112881
193158
679316
772996
215997
424531
515812
69589
554603
141920
633861
364161
339690
992787
828028
78047
242357
168453
970750
554603
61941
958579
961963
579834
88225
55661
211304
340372
336972
947165
641232
105060
835933
88243
463829
675763
426886
759762
315581
251440
57258
241429
422785
69196
691515
674954
4944
932514
2974
535118
547756
785474
345516
250873
566947
697854
241410
516652
219102
839593
105824
101462
295106
130140
862782
87524
156915
649762
287704
193445
669802
443792
744518
916476
733460
566265
567848
374059
315846
458046
785861
533320
637889
754750
486197
528878
527329
735131
851960
231506
503569
110547
966516
105467
329006
615758
720416
468051
468128
67153
296755
389448
464388
480744
162720
197166
390022
176473
279100
430256
308134
712892
70059
122062
105060
121108
70712
729937
602891
796298
840735
486833
465255
759782
667997
273378
551973
1449
836313
772225
618373
488996
5844
223615
478818
190644
38801
541777
969321
676429
260056
641448
881954
190590
190644
292335
863251
346716
995043
263819
115757
620082
201271
38882
768119
412180
728520
387519
219333
476623
476139
602018
710646
846162
397786
554603
559975
809154
322103
358505
13390
705006
122220
758245
902471
475121
932926
18850
475400
422579
167078
602871
854890
503075
640162
594480
653191
210735
151721
406020
137530
12186
171799
851226
370809
338708
552472
558506
963832
381823
422860
520483
109072
346527
322874
242963
641692
543257
653166
415359
858638
98864
511307
538187
105092
503569
388594
587100
519201
297387
427935
869829
647215
141238
896586
769712
122415
68806
633411
588693
663605
662500
279091
452444
108971
122964
30606
825210
82423
595505
264749
123986
342524
294780
126983
88225
453307
111153
103315
500613
381823
351089
368416
197078
615537
187512
91935
233257
805606
843053
458580
993212
455948
151617
737333
279911
404554
371850
449521
528072
130050
540091
678561
779294
300940
722356
106143
242058
408115
454788
156340
728706
947202
391896
483873
390022
818699
958935
204880
396473
467219
835933
819999
483055
520003
396365
40230
86835
157146
938357
76203
751937
135212
564403
310625
582504
680497
987046
793124
601037
430616
564304
72868
798840
630714
564131
417589
886984
338774
707403
520003
596463
766105
546245
234301
836708
595092
946172
71898
251891
528072
522058
151489
595166
964522
646445
467368
254957
95660
871845
483862
560915
689870
588955
225926
171063
735365
930088
899546
68339
944313
608121
74769
595743
847742
466823
554603
7082
316887
294646
857074
884500
516401
880684
323788
28385
895877
540938
346009
110906
724326
42304
164151
833601
466823
708783
36403
216213
116779
389586
595381
521992
502982
955260
129328
5833
615366
91171
465359
763683
607170
60332
94182
759459
204646
532700
481805
781637
718467
535828
940348
228961
402731
723384
527682
984334
918305
364216
228640
313668
503569
656333
940348
137944
830863
654835
713962
508151
371875
236363
334517
408996
60332
599080
59870
16021
678683
884221
535194
467393
61249
207702
752296
399615
478481
749600
569013
739155
57595
226338
672086
238588
813396
984154
340372
535215
480444
151617
106725
960460
485383
850012
649912
390794
769365
749242
817936
63909
684254
605611
490068
185212
376396
958303
664254
615869
877056
192705
262448
431155
605286
682040
529157
338739
692422
632455
193171
734992
271832
662783
932230
505001
902493
862996
64044
390794
564249
125565
845025
247044
486763
979012
918097
95859
839969
517113
859856
487135
662410
244709
261690
840628
228152
762368
630604
915636
417973
814093
459182
226624
819176
695617
122956
480814
404004
662928
9949
292755
305761
121393
983696
490388
60637
839582
495202
241089
907459
533007
105201
989037
938843
931985
205125
651181
59274
101474
375475
892314
23454
267850
394002
126038
915952
155658
343538
658481
192428
72000
404554
564915
269875
794710
674816
660188
802019
307973
755181
498207
893604
255951
695010
330299
623427
414075
602981
392572
609098
361001
383309
256051
692284
5833
758800
613442
426725
65460
647941
946965
225646
683654
518049
781538
804378
209538
453175
817457
713562
281344
457474
515186
524617
172588
598215
796048
243041
275986
393443
361822
563173
105060
887501
419469
247471
279860
70712
797401
350461
472337
321154
60025
54525
33577
600740
356186
494983
514235
328251
689032
57002
105483
23127
419860
207964
914269
564304
896777
948916
907128
338386
391688
82417
365192
107087
358100
384765
557090
44859
431155
535185
385512
616116
110347
928269
889609
696029
9656
678530
16521
876296
743930
169516
875243
502681
521381
389449
502681
356013
154830
498207
193171
630381
367663
198542
205051
662586
502681
515544
517452
332635
720651
586761
70712
62259
480444
111324
680282
746994
841016
247471
581733
263391
780864
711293
273023
157721
421287
168079
82918
17551
711720
689111
921856
260740
978255
254811
247709
589651
630759
883479
584722
936313
384534
319978
464462
763877
316653
308685
483752
545686
363540
605611
856327
711652
916361
16173
578722
793376
479422
38206
698460
105060
167211
180721
872531
306128
876845
305038
105060
802924
524914
251549
488372
819852
383022
310033
539281
471372
148445
729238
893579
96112
60470
55530
518618
987845
276645
292848
665506
205962
539384
198943
691225
730341
740980
219157
243362
120295
941456
318151
23440
930632
529859
245974
732475
111401
439870
331240
360511
348399
70712
86417
466537
122342
715583
270595
112584
85498
155383
18548
902572
364934
287633
699958
182809
424299
288923
556800
777961
628497
183634
885534
621816
105060
507410
306128
433034
225616
687283
87524
566494
507063
508086
17690
157221
833050
807097
400098
53649
547247
391896
166368
278168
422114
223623
520373
190638
364087
168453
426842
716051
673898
399158
522382
913751
181617
107087
109369
89069
632707
709779
380067
401003
353361
411405
152063
386221
15369
436611
480951
316653
684390
284266
561445
514765
937439
206771
581733
867226
829935
516401
734456
709779
85263
258090
353427
71743
963663
878034
793376
595986
271292
426005
98054
113036
124227
712402
861215
1449
69818
615361
306024
294909
589691
291198
962013
545634
451807
236680
183086
38039
87829
633031
53471
525350
181435
270105
804031
91043
83805
480010
15420
110397
127898
886984
227100
130140
852236
498147
129728
510503
587206
414439
520373
206603
641947
768500
105824
60448
909195
702011
687143
342085
628927
784125
996828
106124
635196
225646
105060
305852
121393
17445
252868
702254
119719
59274
30156
974050
303848
652866
153083
316653
80025
559918
767036
458547
680154
203531
236598
3869
804378
105060
270173
358753
193445
241429
608441
525242
329022
151908
152829
989671
628497
295103
95660
725192
319787
866614
363758
451801
340206
773179
278610
658349
724485
755898
127492
274915
765618
486302
816104
296880
237368
569403
893802
60470
273720
184396
3261
351709
526817
197146
274955
14199
511492
429576
686493
615871
28894
449521
724485
566823
305761
31398
137086
785133
845851
614522
934578
224212
335385
509421
236340
418220
842707
678530
429998
520373
814905
107963
529859
978108
191767
3675
566825
279100
982416
570746
255903
589286
715208
105060
724574
524883
291198
202
521992
21264
307995
118537
933888
768633
521992
15585
632707
524880
270105
2085
404570
121378
859693
921274
237405
35093
707618
664152
255309
128332
32469
890480
875878
930632
833902
647139
623427
993678
228640
91171
547232
559564
780683
244354
382519
91171
124336
18328
635271
969991
823678
919819
671142
321943
740641
411909
573191
188274
514472
421373
99211
70712
766333
390022
222280
671209
905795
239845
434816
75073
264749
477025
880529
133446
650758
594135
789367
839582
252864
505440
603741
495050
487485
678593
898193
781306
148239
977811
190644
946961
668359
881671
956243
996475
228978
42304
846285
278610
837460
120363
224322
957541
292709
208108
60332
507188
224138
492029
669908
667545
718637
435932
673140
560163
354704
842323
777963
825929
548722
431888
314860
76203
267728
936573
69823
496283
997879
99219
276145
174153
757608
310033
320395
588560
475764
928767
672604
277982
616806
10604
601037
347533
149717
559803
343645
186499
662241
695826
471372
810715
18067
502199
122627
890816
449460
174836
463020
374059
60587
576099
254844
227544
696520
343699
508973
683240
384382
139661
835128
179693
987369
368416
362541
221537
921918
187970
344678
354522
887760
527684
391896
270105
705799
837649
864481
840389
47226
583105
57335
430176
470429
991104
688231
154749
584702
283314
893144
785912
885681
230952
695807
464829
132360
439887
306635
770585
356311
910455
412203
768460
642179
630553
670555
305761
879814
64522
653066
670353
824523
555258
647897
653175
347591
753759
522410
17086
443831
912614
185212
994611
480900
925258
485917
661629
570746
524289
556053
888482
188668
617175
892721
473591
838950
67112
112707
556241
854196
165423
791123
994605
555752
126038
837649
256062
670310
370344
886387
56869
591191
48975
773553
417815
977848
406174
758639
901857
526964
821867
918097
283713
206162
821941
815445
30315
521865
88233
337246
88233
92271
821941
558165
710139
736431
90363
60131
547232
92271
174777
124157
83805
96377
680522
558696
446048
446924
61674
213788
446048
213788
446924
781696
884565
282366
392078
558506
105000
443636
921413
718637
389448
183570
254218
624559
309565
714296
18067
826282
213788
996123
443636
763416
413889
944637
322689
61674
908840
590323
973592
350406
559643
944093
903058
412007
824033
94143
771967
37734
213788
356186
397325
285963
561282
247671
96377
516194
666840
547605
521103
796142
898938
537476
2984
234511
49396
503266
686591
724301
447067
172595
54785
470573
39498
827184
454084
476871
464185
559257
784774
815396
506801
694251
815411
178386
670703
915341
79619
684695
246509
704084
940640
542657
565823
59326
712097
938463
999228
557461
868473
34090
277606
107311
546879
562994
93837
327539
38960
474791
76125
53384
230041
988078
249407
194986
338287
601037
632179
328177
154548
720541
628755
664254
449521
491700
856619
347533
82161
375776
654468
385548
796279
732386
606041
724800
528456
735365
190528
521865
451834
818720
820509
819979
759416
758054
158521
986656
109185
123621
140477
475687
485002
978898
595343
94217
196970
93157
521865
215636
447067
17690
161920
385548
121205
167318
673392
44066
30315
237668
111962
595743
644349
716608
176456
154830
316627
30158
315514
445897
768095
174932
154257
909916
669908
51971
957076
948222
315514
440
948222
247671
443265
297760
638389
716714
873107
210382
978474
957764
613354
896586
522347
361001
781327
35793
59043
689198
405188
173960
796233
174502
2992
30794
196321
885534
623427
945567
910802
589761
392909
88233
434695
43065
515214
767349
266275
816050
524293
612390
64838
312540
838228
898222
495082
503075
610145
480699
59925
22087
661405
896586
112110
997522
184002
560581
482416
281559
778024
62595
171063
193171
213392
712402
307855
758337
356161
116411
36894
894990
430877
707618
341975
149310
832589
244558
495524
543141
128178
623752
244558
609453
123030
457283
342703
630010
978508
394575
545053
611610
643057
151617
834141
306031
564915
538619
337295
84765
938258
205962
88590
46713
247709
256062
340866
901241
104269
816160
348031
272387
977446
38448
603217
417815
216827
438393
470956
45786
852706
362179
33820
714692
977951
598562
353427
715757
664930
566823
367663
193171
203288
612153
63204
261594
62350
712976
710531
159711
338266
234052
402689
886984
478113
131771
288102
600740
783835
707657
7277
120517
151908
282366
313468
997214
292848
218991
13904
328355
732529
338774
249629
549656
199535
582835
543045
774875
329229
412007
74150
943201
210152
948945
581129
191767
863580
978873
464185
467128
138961
627855
966636
750170
558827
677328
587200
374039
392078
980910
38206
19985
260823
543257
756564
999163
658404
749895
166395
774112
678530
232066
631636
278168
929139
453723
424138
214585
790213
708783
28779
771926
611610
534445
112941
68774
59813
252868
618026
989862
116094
310687
157721
699958
136730
679986
624263
268817
2935
847742
128576
142512
98419
826282
270105
998048
88698
525663
690771
718643
738684
809753
110433
728416
373812
406052
678875
190438
770549
611918
287523
253898
758642
899229
424062
182758
679503
715622
112584
971053
406465
11344
82423
11319
787611
974725
969719
207080
88552
16215
716523
732723
27062
905421
51670
157721
736697
833956
888245
245832
635936
557770
719012
275182
916060
886513
980841
467219
823313
671209
157721
214585
214585
692700
268255
868117
923203
600617
489019
450595
768219
690771
309123
357280
991317
593763
564707
316653
836062
439236
591588
600740
542657
203790
845571
758548
667796
412007
61944
657323
982501
353088
485515
821955
522347
137066
351549
836313
870705
521008
97347
573544
81425
370464
203973
4373
173395
258059
398554
938713
195302
86433
417384
38876
426508
353717
754805
57335
326028
894402
696699
301203
871818
185120
869216
521156
273378
445038
450769
45112
485211
771967
863128
452652
392589
296428
288318
402207
165207
146540
152911
730341
292413
62957
937720
344678
158096
541807
522955
339823
217231
287137
433086
521878
879794
945797
960684
572797
471243
394454
58180
2448
922035
223329
821955
28894
72577
238319
338418
241251
152274
924341
556880
648219
453115
784677
217384
564304
151820
630714
652866
426565
102693
630093
569408
132294
745443
654262
352086
640804
295563
864911
29645
976665
662252
527684
469672
769365
978474
548722
900974
957580
971270
711771
946217
612153
220816
574338
611429
610430
633409
536510
957961
789101
264595
343788
871005
611983
141102
340305
376096
612313
333824
64485
55870
66038
624263
645960
308455
671370
675484
745202
167318
675977
633031
310625
609800
250956
156140
835148
318966
381501
960757
458296
121393
303025
481973
182758
622158
168237
233904
806733
669907
122909
598215
281704
386178
120362
657678
834319
617268
508433
830169
830485
404089
269343
703096
549235
857169
945808
450236
973981
439931
126038
561248
152673
337246
296935
95511
525310
241429
768106
996747
989622
364161
995320
296299
835229
119436
936306
792856
190644
966955
514472
770447
504415
141407
696538
131659
247168
619212
101864
537082
183
996893
615305
419773
480484
613442
881568
416806
99016
21264
257893
198302
344589
824766
805966
661631
930727
917506
920346
697924
137777
747304
920346
143322
60470
84765
158508
531677
990265
999601
916094
946961
242943
16544
622145
775113
598471
755126
573593
618157
483412
214493
722369
127855
705566
752274
622265
902152
679986
883479
505675
571427
468399
724401
407145
527072
911937
807240
602646
449521
23260
211016
153287
649674
896586
947954
313334
539902
916742
382699
214167
254938
44784
265141
358735
527072
974052
923917
273931
675136
434857
2769
455183
972716
244558
655107
947466
375893
60946
958894
227724
530438
346260
844826
386337
623248
230726
696577
868731
121714
637001
228656
405751
361239
207091
628497
641232
650758
365057
630604
516651
612211
214585
769930
728520
292926
525995
107452
891740
518324
716055
925965
655283
913988
907599
129344
435271
417383
252951
282547
683603
470573
683655
489142
190707
340271
235590
923097
123902
926100
796870
833004
751320
161380
312540
469357
675999
769692
471027
111127
874766
901611
76102
712527
922743
244354
142420
253144
820190
192924
631412
921434
914410
347379
74457
401221
735136
484856
264354
935629
883007
811800
283162
722110
406949
269343
34594
177427
679986
414729
41156
425040
667430
362066
333085
60332
933795
208492
111422
507788
272387
913132
674863
965834
338287
816354
516651
392236
423410
180550
994024
186789
948900
628429
200060
817508
125221
232168
59870
471026
630604
213800
816419
339795
343811
512387
874007
840707
51558
711049
332635
693958
615227
60448
107452
814439
923321
9949
519561
876964
871714
390022
909027
492535
388171
855770
44876
569639
10719
425116
180139
414105
59594
326484
671894
448412
358944
371542
197146
932230
807315
170139
518299
153467
956846
818043
225926
83652
413953
124336
564249
944586
58745
512387
159957
151104
411405
14496
970112
771462
162236
808456
490738
547651
463971
16560
916060
200060
648544
633861
835933
304358
340561
155658
385548
823577
413797
385279
169224
753426
168422
252557
237388
720541
16560
28779
370608
871104
480044
900855
446295
399158
636785
215889
140294
446693
607110
607110
996373
710095
736924
984111
353717
446155
814877
692102
446924
445734
712527
397445
388594
737347
103993
481235
819406
488608
333877
215636
278610
634803
171799
63929
781115
878187
736445
848024
605099
422789
692422
284375
957385
665617
996828
760731
605099
207097
575914
242005
105448
364375
29788
727632
618809
36917
477654
126747
950805
807920
569403
351089
225425
827585
73074
533007
516606
768108
499869
913272
102984
988093
1449
8934
886397
955647
447068
427938
445012
600740
446693
640969
443669
446693
103752
640325
390405
643227
641170
777309
852159
654103
669907
445897
640750
480314
640319
183137
47514
424198
995608
445023
640325
641801
772996
102214
237400
477025
877091
126735
259312
641507
642285
640969
839528
642932
301521
889151
600740
162259
8855
837522
222273
642843
557851
412007
338097
971053
223152
425896
789989
854196
890279
216734
644343
219065
753098
913059
644662
547042
645721
637304
969205
446658
114016
237654
30373
911155
653191
559791
649869
118737
824523
990176
716627
647415
799486
446461
235077
649674
103373
647801
196970
147450
375827
653191
408036
675136
647433
444269
610473
254318
347051
24767
892567
788010
653591
653408
652842
76125
653554
717099
465259
830143
916154
890313
953183
670654
536510
206757
777963
155658
478685
773453
448981
715993
682096
722110
218428
850547
652420
713780
532478
886397
652473
953265
893659
219439
641801
654040
782693
996838
936714
657021
952057
444383
642425
647800
151908
612690
530905
793163
205404
674434
756564
638389
641801
726227
892593
279315
285860
138419
887134
759852
835932
187490
140477
249962
607636
991949
828298
973002
952958
764698
416786
655531
859377
490269
909035
994470
445824
890553
371850
881671
809154
453976
800824
959604
651433
63088
210504
540546
307294
919984
676362
567124
486439
791202
158521
174836
66386
38882
893144
365680
464275
104813
824175
835909
429275
659262
637753
68393
350910
555120
430486
915910
352532
68458
363409
681730
298850
236680
664167
252608
250088
44706
535657
33577
563863
145568
886984
302915
786581
271643
515137
144272
966993
200060
826430
561972
81116
572797
847703
366383
569950
373158
521878
863764
865724
219703
133081
773453
168422
206520
138312
481830
767036
242364
633861
308596
487266
234885
920442
235941
51136
741748
603741
446949
443857
666948
445787
445814
213065
539729
667029
768460
6410
246705
644349
601173
477215
128293
655035
261098
655444
667604
446461
673140
667545
39470
655444
638601
207091
37734
204031
495050
298489
392078
832752
531433
267705
668589
142280
464408
641692
276015
458151
151621
898950
471372
276824
283479
544312
607110
410578
291713
368155
862996
595128
130140
601037
661629
121393
77304
30315
41199
642726
619428
673700
666822
826300
287633
673384
682273
713893
101646
676655
621828
416351
480599
675136
377173
545944
428613
130506
943972
246792
460967
826626
3769
244705
963810
225926
429771
437315
840752
105824
82161
672763
206757
287251
112982
858181
611007
436883
59798
604127
385799
563624
655444
947607
921840
323852
675687
686990
884225
462339
884225
67128
790471
762812
152938
674470
46814
69630
200401
604224
530905
598786
108206
795863
383305
770572
939534
112584
714296
674470
677499
831676
534155
634647
355733
911958
251399
824226
435899
805750
775164
219157
134569
828298
216024
757608
484016
945675
912715
127527
468417
15585
93189
158521
278090
654262
994930
375282
2961
801850
465359
658481
453976
639616
374132
675687
453976
331653
900249
319020
305890
499496
626111
404711
937253
863216
655283
568125
758289
360751
63277
568125
755782
667545
108683
676655
374789
446949
638389
676750
37431
673700
758289
555120
900237
128178
567735
449521
756894
772585
581654
603094
126735
44012
582197
868841
182518
17621
326484
176473
275603
289460
82722
172588
993650
870290
724485
453388
66693
13668
274124
69818
463470
911937
625933
512645
595743
241051
464188
942513
606257
770703
890849
386841
18850
107013
871277
576219
680983
896510
48852
70966
477025
414729
906246
180809
64164
76542
887433
681805
703398
887154
257130
238565
637801
505695
13309
703784
101646
857277
123030
478354
564915
953599
540159
959604
929531
240882
392078
743842
754887
599127
685831
665963
577935
244558
641540
478685
188297
612423
524861
69117
475687
321845
558518
58912
980581
322303
769108
429576
63771
186789
419712
141450
525404
678123
930728
177020
66386
400687
436595
704437
364580
247044
710531
53611
526433
195646
95728
385132
278902
597220
707845
302461
31878
750203
826488
164596
664930
91812
540841
978623
471372
480969
429717
387073
760731
196960
916060
570220
293864
510717
503499
930156
63929
557851
292848
407973
889409
739579
174745
270595
410319
633861
429028
506801
524449
322759
730664
531713
465471
17464
304207
905421
168884
269102
197528
69196
895159
274055
720416
815702
35093
170884
673005
452647
193158
537476
306577
385548
176507
151754
903430
688694
521992
51225
127855
266244
377935
546545
484185
565720
866091
71795
560326
724356
510359
579000
231153
318717
70059
505234
564915
89870
256672
548640
561111
735503
158920
296645
75798
801510
997301
392957
879854
305852
790803
154680
221131
902152
990966
815241
798289
810373
340143
430270
845709
432835
127898
127527
914264
23856
472240
891607
605984
695010
957652
207426
928784
283241
156340
15936
265802
199535
249746
573250
774850
284890
239845
70698
598774
36769
298967
560866
180951
785302
706135
28894
986270
859588
678841
798441
359043
392078
564915
853419
878483
8569
455425
946172
629286
809283
612423
1780
771019
535587
669859
199535
210591
425731
598173
705718
176123
76649
437296
37134
945
928106
707876
807315
160335
500186
706135
846285
433404
534726
94422
557253
129971
3481
520373
640750
266289
84765
30944
483398
425731
702254
652497
389448
510121
125221
96798
24869
223972
180809
886984
328175
35093
746680
281559
9843
899229
569403
615361
671142
817742
851888
198466
175378
570220
726817
525404
903334
380705
515317
692422
413960
952634
896057
446917
278168
502209
285300
993891
18394
351089
732193
807475
638401
383290
181248
481639
705664
828238
685960
956104
55832
346779
978898
425764
457310
666948
768025
601961
244914
949528
109072
920609
353088
392078
316627
526051
204517
223912
364599
343775
121593
184603
87936
907459
547651
588693
255800
221501
763399
122220
36403
438148
595743
977940
16346
678530
274348
336793
883150
925119
125221
826300
692102
850197
516409
771967
521992
473922
815525
166417
886984
157721
598900
760731
678276
389448
527676
798224
452839
280318
562710
379889
603634
949857
536064
298597
510121
551778
549733
868355
428479
643369
36403
475121
292413
247709
402040
481805
990270
296299
8185
159922
547420
175551
283384
122598
905421
210913
859369
610115
312220
457581
264364
696177
389449
14326
219122
493515
909908
96524
785625
917686
836458
101462
721800
378419
890776
176883
500186
203379
176507
854043
633031
244428
573592
968593
168422
566825
401651
777963
70043
308649
903787
548523
524617
467457
60448
524861
131139
802998
890518
308196
695473
512801
813577
120613
678841
736953
104890
991554
804031
679910
391402
186789
574213
339823
63390
6265
390022
173980
9747
832820
196970
522584
17690
429547
815445
390022
343538
767036
561963
904095
848534
821941
480744
822674
515979
185084
685066
73486
374132
488985
159236
377286
169231
181639
535871
972637
13390
783248
786820
473350
193171
572161
962310
959590
684041
58244
863095
240475
71612
84765
705107
75105
385548
96771
176084
404004
431668
379551
141315
175007
305593
460210
521738
215650
1526
763115
365820
629437
264462
670275
89958
183024
147491
994379
465025
746664
391688
323266
707403
585933
599799
248906
424330
206496
527684
336537
998104
193171
665963
182348
999163
780387
785861
630381
424785
469272
61019
491913
777961
886984
105060
997863
512107
201279
977010
926639
777257
527072
535385
98452
958800
951250
270105
170292
371803
479438
59700
432870
836167
221537
801476
930256
771524
647944
853419
525995
862996
170851
4373
599622
63204
696831
834829
398218
110906
93814
28385
137530
385548
177840
993674
480599
678123
526964
258747
28894
925119
596313
264171
500584
929673
483958
612416
126038
60065
893313
718879
516409
128822
54627
787044
58745
783164
197146
681844
417383
463971
731555
194339
731555
86076
515186
250382
542794
368996
705621
599261
181031
94369
471812
786317
993678
758642
856262
133830
233931
591588
79645
739190
159434
431794
747764
434816
464408
725192
954335
549237
477074
476820
296809
237994
470354
291871
725619
61727
73136
714874
81529
144025
109206
739973
908762
154257
537460
893050
131660
487406
104692
291454
566529
814116
611203
435913
165460
965060
753538
537130
478818
700719
41426
37841
322676
255429
280698
660702
296907
253198
716051
231506
64522
449521
422114
595743
474891
50054
305156
293504
461598
339795
305761
490429
235962
999491
758076
359227
756061
658347
748038
772996
546046
853929
24572
676145
239131
757249
104344
355998
769930
133441
593165
756061
478112
479754
527684
42304
757592
772585
487279
589163
567093
916143
598051
748955
930728
165101
392078
255601
915952
959604
515186
952958
758289
179938
909657
131929
588207
863171
796859
34922
135171
545747
524368
127162
6522
834141
830863
971711
831675
677025
876845
714902
208723
802019
197529
445619
158521
475121
512387
882504
527072
381967
756371
363924
307543
42814
998488
582259
255951
424785
180289
824594
428330
140477
448547
239285
977951
630020
180464
628448
449984
690846
309125
70966
833123
784558
980581
897519
298433
870851
36467
796927
239133
631374
270105
901724
590151
923170
270105
38919
122956
880309
346716
419156
551740
119601
656035
135497
556800
735238
113489
615372
642425
566634
321845
28059
521992
477993
700500
560408
783648
321458
611610
594678
640325
894889
996123
622265
84662
319231
868388
859491
248693
675484
209069
102645
625138
159462
758337
759471
669908
187734
771951
453457
55284
455509
721412
3244
487421
66312
546054
403116
207066
411146
474108
175238
274915
996783
734903
366407
55530
64861
546054
379579
454098
588560
370809
671526
147313
423953
925580
848941
958579
427930
971476
428814
440437
813317
557345
406020
111613
274505
356894
769160
599080
595343
69133
327106
863251
557755
603955
779980
282553
703741
788321
853830
480768
236329
575002
998008
672154
544154
601299
443265
605849
57002
933607
247539
681844
34932
601368
993507
53384
770585
853045
665836
889834
991655
970464
832637
608185
359603
96295
392219
656169
35496
550376
253290
698176
938521
677436
177973
995669
770142
63968
656969
253127
130140
114766
97347
989622
232107
758188
766321
122964
310625
71457
801147
794082
168088
365917
686
232755
993418
421495
51516
120582
748869
278738
719194
912446
942988
218477
905075
242224
433280
512546
347227
802476
202291
726634
603217
830232
876863
845948
980581
412007
638114
835887
757706
25208
321665
50271
284241
476360
316113
868361
882340
196970
366973
280988
793804
915153
557851
766321
718637
176608
741689
957765
612153
13899
197615
207783
671733
689726
17551
294963
41740
791480
563173
402020
425829
520373
54594
341570
593034
300582
902456
776400
74762
415441
551277
633861
583355
424141
431408
526433
521949
564915
363533
130140
444552
571880
84099
283234
13979
510978
158521
271558
40881
446151
245459
962842
755508
667403
750630
437557
217231
645969
136695
973810
905075
672582
356856
237107
786599
792052
568298
128973
332562
756094
769365
764285
429275
577935
733498
139486
147757
651802
698279
570860
115757
278094
170726
756024
385548
830707
377297
763115
714436
2729
484265
404932
796722
181408
9515
743302
945215
47453
35352
272659
14902
278168
70712
762003
858181
640136
134408
812870
446461
997879
336793
893237
800205
225639
262939
381015
787541
921856
105060
353112
725685
299249
917658
513329
73063
984460
89138
726815
367419
320393
891718
883007
689226
296991
970660
454200
837569
406594
15169
681805
123902
278610
143524
744836
998008
883951
900664
142066
781696
119522
205051
868117
385548
682387
436707
748730
685084
762336
463640
383309
399606
729982
370009
707403
931985
635272
506094
507154
629286
455987
299390
817568
750416
836063
225810
999151
69863
11000
58998
20712
165731
879128
664180
126245
762253
62730
938294
512387
295391
292413
387471
172595
688296
275986
104890
815396
797558
749539
598471
397190
668873
121798
505576
370126
543786
693016
94177
430270
478419
801375
774834
375414
121034
426725
739001
478113
545427
361217
449911
690771
54422
971433
15207
669007
526157
557933
336704
514919
823678
123552
691103
892808
852141
940210
163024
861072
84495
462999
419712
441195
141518
921273
48959
788013
410260
38676
136593
714700
999163
528699
352201
383287
159439
283843
670275
88904
412826
303848
758289
679569
874432
360338
174511
174642
325418
352106
127527
737198
564134
206771
671142
378419
467368
739001
584083
458502
809017
132715
904095
30373
206496
848197
698819
125700
794710
126038
357793
785713
830585
956243
855173
880004
142851
562318
757708
347591
537295
871394
192043
306867
168422
798840
46568
64485
666948
899179
858638
451684
62044
828830
562318
593763
5864
806846
23559
864891
541777
752075
801046
279100
832885
728786
690846
452839
140911
815089
618336
833011
968190
290332
978967
997863
854196
805334
790447
513968
762298
3261
319874
589945
963994
305761
614269
615366
809179
144053
969339
755643
640616
174839
846162
129166
40650
498263
667286
402487
41199
972716
269444
411620
668258
876863
667997
401074
289930
341104
103315
285860
278656
791123
905356
825589
190707
672604
965672
163708
431088
385548
833433
177789
573592
537130
803228
898155
771338
814843
792408
77075
835915
784781
191328
721471
932230
58318
991949
565487
432040
615537
673180
976764
833480
438789
896586
975233
429817
1310
15511
864057
987232
644150
830863
446295
857967
964399
568014
627808
252568
140888
768041
666752
410654
107462
446295
814198
768106
816476
816171
817170
828831
126185
889704
821941
135817
404735
567597
480102
414505
830128
818165
187490
35021
876863
77463
466710
568125
170848
877949
179941
364104
977951
374059
108010
665392
181031
122719
392589
939967
787611
550369
419621
768500
542267
673140
320820
15120
666827
937253
581129
57665
787938
326484
61674
703385
37271
342930
721502
887154
291580
809154
5941
252644
105824
520176
46713
664930
129344
943274
206757
107452
375595
279720
625838
324981
278626
446047
476848
435781
527866
303025
377746
374495
778570
515084
274690
103241
469881
639561
600185
216716
772520
794082
666106
597220
935899
365882
640134
483421
990166
387684
653415
690238
973436
823520
545747
814296
101474
308685
336742
419621
568139
350864
608214
429501
447068
642885
615372
233854
96377
333078
206496
533007
714692
101462
607884
306687
641544
283162
177083
289930
265979
584082
823520
969792
280178
847703
641888
24869
273189
246792
470956
754722
745789
196468
836130
272142
27574
573031
900641
723457
607985
846314
535118
769165
376066
292407
353681
723449
733910
959306
339823
83600
576829
915867
551158
363898
499685
842323
995167
827725
218783
587200
932230
933795
310996
895901
419518
16354
271262
543045
230162
723456
884264
7082
2965
851523
707000
397866
274844
899425
215636
85462
858638
897990
808872
752274
172595
932230
416806
662500
272778
648219
191606
831452
197146
233668
910791
389448
690464
207702
886984
66208
756644
421413
575301
833011
68622
833924
526433
446950
562710
23127
993678
519201
270956
256711
449521
112914
4373
835148
182966
825343
887710
771040
26537
455810
666948
600740
835848
797953
831675
180662
202291
537460
890480
594678
3261
223615
325481
15511
169526
948955
419860
195646
835223
3138
27386
111702
414005
245459
207702
274517
168453
987605
702996
681730
453118
840453
932737
190644
985466
528112
672200
219391
623427
940640
483398
124336
432366
98452
929692
724485
10105
667727
313022
59274
621878
731946
216706
368823
868473
63447
23836
909027
198761
851888
666142
703166
403958
561125
947361
377114
204530
56388
76747
588773
307757
160107
193171
193273
714486
896751
902089
149942
392572
711049
240575
124966
105824
60635
433292
772995
141901
703784
179616
886984
206496
622572
783835
608121
868473
595467
989268
86433
237252
662241
830425
479921
416566
489955
973310
549606
18328
896510
533351
430393
385548
737503
697962
730982
76747
878560
524915
932146
989268
581733
521259
144809
402291
770990
181330
787611
412007
428590
629286
601005
863364
327275
689910
947685
971949
452033
619418
858181
111324
421287
225639
777881
168422
170704
346527
851475
185345
653175
251773
607110
211016
569472
407486
845709
450595
972378
742818
128436
207097
777599
190644
180687
732417
151489
208108
193938
217149
683655
779214
48214
40550
515215
135817
922555
704935
879798
469020
724485
981506
836140
818687
762298
358719
856586
112621
944699
848381
446347
872021
363758
84322
390747
764285
237039
797459
809491
932926
973799
474683
246792
558023
257158
822786
203379
316566
90053
890847
15767
88933
867553
890816
123447
505001
390022
182695
621150
405751
707701
909566
56654
545250
229262
902289
43710
525350
242495
124113
310194
733498
70059
968618
329930
198542
633360
584223
449521
664152
983269
105483
272746
342085
810697
58998
731630
648547
861196
955680
332117
522955
278401
899425
100192
278401
141212
650755
60470
270105
3261
904535
60470
991448
140539
430486
627950
839699
103802
781306
432053
455652
246946
950339
870290
585613
890149
407973
938097
35352
872341
102131
195449
637250
681907
753371
287633
882929
521878
594303
885892
278195
842189
140920
542483
763196
564707
737285
564915
809154
78654
844189
151747
513851
610037
490269
886025
129693
701753
255309
910948
167060
446814
451548
566533
828831
209112
104578
596313
61487
845425
44666
929211
88545
836917
515317
657224
662928
858638
919446
523960
261570
620446
736314
449521
11344
899204
920803
604258
245722
573883
966680
140539
190590
248413
886984
46841
621165
544698
678530
206757
893579
355432
215810
761553
637395
126185
559803
447556
63339
348211
168809
859369
60332
831227
401910
889722
269017
166264
151104
574767
91598
279911
955816
476704
773715
764513
711720
569950
602689
207682
981506
975811
242537
991554
787611
392195
855891
480969
123242
680983
255763
997301
748869
679316
996519
15138
12947
575182
851888
900641
546144
752925
196970
628781
235442
993650
415196
796701
532700
126237
444952
449521
698460
734522
549106
449521
754039
374059
270105
197146
570121
714287
535137
879798
867808
38705
255803
909027
288800
198424
920211
737198
250761
9052
941443
486439
270126
272696
743842
212444
559975
487115
835887
698443
88261
704095
890816
768775
876569
640902
18328
498450
846751
190644
380637
188927
890917
878064
385132
139430
298967
196960
443372
48214
240365
595680
881671
748795
504274
44410
440478
753375
78047
926700
375169
628565
81338
281017
471645
63447
876105
596084
524276
717879
300827
573430
545645
104344
222574
557090
384620
881954
826769
525995
236456
394322
996519
588165
931105
206771
836793
942200
863228
894562
673140
729641
270105
230148
884575
995975
97343
603739
889996
253367
492535
299807
570292
636785
915910
14023
343538
798633
338385
719498
987012
246705
652248
50736
684830
890720
987106
985379
490269
896586
940617
267728
888601
896164
934355
38622
753447
330311
594678
38518
842427
611610
55832
712840
638167
337902
675035
916193
930261
30370
232546
24502
930632
882671
893660
392572
819154
313838
180662
868077
287523
159132
999551
54596
807237
550365
894402
255130
79095
951412
727104
870870
38448
781637
235365
672582
555911
38801
471372
429275
157951
130140
517429
144809
405407
823953
292616
423729
332981
903527
168809
434446
964522
58998
707403
854711
465073
712546
845110
30103
15511
100643
15826
95702
424785
123562
647801
336566
920797
297917
196970
146540
612423
678875
678530
356894
474379
599127
503075
886984
462999
54422
903584
68808
225726
338287
914068
423410
529804
135040
714874
473350
830525
271520
548523
750766
202789
450739
392220
993255
496695
193127
630680
816160
791815
440720
903058
279860
593538
60448
346527
651550
96180
707618
695400
328123
716051
971270
684055
22875
619212
648544
681635
210284
884264
503075
82037
316566
303733
60332
385548
478818
735721
605471
97684
100996
12895
305761
785861
33652
239457
431044
734392
453127
618004
234594
807811
640902
840735
526964
403232
861072
318446
646715
95139
449521
105824
615537
866370
105771
779294
323506
388513
208673
921434
797850
949528
254204
960520
130619
999071
367663
243122
86835
63447
686400
390166
816637
238565
852688
537460
866091
441194
519061
903199
647944
919860
151104
948916
990630
866971
146255
615824
557404
328875
455704
746906
770405
310589
957692
945450
944586
61607
837813
868731
319978
24525
735131
507154
778638
724180
408335
162132
188708
922851
90055
293100
50345
718720
649912
236936
898338
833160
900170
538741
19408
1526
810335
861683
309128
417397
967162
474677
311915
405089
982466
745494
288617
490738
99467
665321
105632
78935
169411
310707
435781
305524
729269
679910
956473
778117
604435
688158
3261
432818
299807
12675
95095
984111
955425
756371
552494
305761
306693
644349
866370
473588
823313
772238
851889
658611
424544
260943
666214
424299
648219
449521
272387
403173
894972
265141
275654
422114
4373
732891
449521
925389
988722
247780
191175
227498
687283
800678
205479
868401
926700
13674
420280
61552
398714
184673
686923
295452
165
251891
756024
509260
174950
333877
293504
209817
835848
706952
769657
429362
105824
880218
309468
242524
360386
603973
564915
888229
76102
709285
77575
708813
984369
287483
486439
13979
927516
58244
339063
386083
476682
86098
928767
977940
798776
339795
230162
542214
12443
126462
253898
66386
587596
201279
168922
950954
934735
579588
561473
44666
663874
388214
174401
880684
190644
425731
575354
107204
95049
802924
918910
107204
564915
448909
596084
585765
964431
678062
453653
152918
572744
515214
943840
783789
199937
611348
724301
474266
239845
889223
943278
996893
247044
667789
144859
913754
969321
902152
984990
890117
100155
693826
876604
964959
442996
509853
835619
483055
268278
960289
910279
66318
623107
787625
485917
917765
392078
916894
60332
408960
695042
902152
633360
449521
849867
256711
898969
932162
378596
525663
258885
739579
956846
718637
515544
931026
315356
877056
174932
191293
123543
431798
271298
925119
304915
633878
594480
732876
946961
682079
881671
424242
460431
416806
936147
739134
241429
314648
879794
91171
595505
1449
573191
588165
815702
21327
578951
353717
161223
739134
127947
50643
826056
988722
51670
812498
129526
315514
292413
939967
273720
671104
523960
172595
209595
83805
562122
330199
836167
16544
979153
36388
235536
374020
635045
911450
90190
923371
152758
750099
764593
511492
198695
91171
598237
14210
181102
542145
153668
59813
880492
996311
794824
163708
514845
843547
936439
728140
50345
811223
528306
843169
874350
70563
931105
551158
280065
62594
647257
381823
322060
935975
4373
477278
943274
394454
390022
10788
688008
182518
69009
866971
432053
258957
813860
988156
551211
305761
91171
877897
73910
829773
95138
721502
997242
596454
397007
122296
344589
632707
125503
654262
368416
59326
13797
301203
842300
670135
798494
550365
111401
940748
607884
387471
422114
904252
729731
319642
693270
202674
269672
863186
868355
515373
950805
406594
8486
765892
807315
847141
274661
198542
459458
505557
690328
224816
76649
18966
214338
241364
46713
965237
390794
54145
598051
543463
764133
796142
257158
537936
77210
189449
322776
348253
343699
670310
895163
822291
396482
217815
533383
5941
748722
371191
886984
537589
19587
850599
269810
570376
439924
825210
964399
157721
177374
443265
4556
582635
94529
357439
367802
283129
989268
122956
817321
364216
66386
558853
566023
780600
705240
293255
684102
702996
283159
765618
639193
374299
758639
759782
915986
781489
29925
769930
851073
787938
301447
598600
99729
421495
916023
943756
126038
279174
538731
540363
493809
851888
898635
812200
424555
128576
779214
389586
608473
565457
941233
852141
442918
564915
677923
860812
765789
320395
858520
525242
653554
122956
374132
35793
10105
807097
544698
351320
396482
73952
192763
336742
399673
808091
999844
67573
103457
971053
661542
95485
802019
251399
428986
738611
754052
270105
615227
446221
943515
863171
594303
449776
89631
185084
971053
403116
920304
790707
106725
24640
410578
331431
352160
914576
971270
586390
217373
728729
822805
100192
845948
89584
242509
689947
293882
239581
79711
819979
265141
699790
31255
219785
954748
101103
682079
239845
858856
889415
678841
316125
13483
220267
44574
485662
338418
834251
355412
843046
423769
405600
847019
599273
95138
314574
265619
952057
305593
295452
762298
583094
176017
835763
542794
193284
854194
458151
371655
647897
781698
602642
623425
873649
435913
254708
174511
540780
852120
345418
913419
876863
364216
283114
933573
472295
499329
793110
225198
743004
331408
564915
366894
341203
432818
497363
416045
272624
542351
84765
832456
100044
46476
705240
471645
749736
658153
342085
768597
129526
564249
874766
377954
777161
750791
658481
900855
842858
185173
81529
298597
279435
298850
123030
458097
837185
921840
9949
62594
426565
596463
989268
835763
194569
548186
95052
122964
449521
417709
870757
809991
207091
237400
973310
808251
887632
585613
50643
41136
467562
947873
296809
411405
356147
337731
670703
832841
630452
8569
969324
639899
315514
516521
38705
124157
913754
276145
989893
615223
409806
406594
904388
785322
162968
206757
371869
414729
917506
522597
464462
950954
249085
994767
902930
446917
319693
887143
681635
106826
556198
905839
446461
423634
876406
838272
893294
760392
57002
680983
899729
736445
644594
523191
853419
639193
859408
554894
808502
38718
59655
652143
447556
625765
727637
856576
382519
732030
655884
676960
813396
91171
936033
671142
831118
216614
455920
873859
102605
654321
215597
695227
896126
455810
478113
38718
429160
556800
424127
580742
784817
967793
123602
447311
301898
27273
392078
758833
293100
355430
878966
49991
970798
857277
60332
903334
121393
487875
190590
834899
540578
269659
482756
941443
816104
59796
211181
570376
158311
364216
804163
781870
704095
312220
767349
594423
522584
43875
925119
362991
982466
265979
265124
190644
38705
673140
426725
709779
807920
332914
193171
270595
614522
203241
560866
484549
840193
168605
33815
507511
851546
967106
213800
992805
980365
180687
890313
460967
682474
274124
130562
78178
