214
0 1
1 44
2 139
3 341
4 713
5 1423
6 2466
7 4095
8 6363
9 9144
10 12884
11 17534
12 23072
13 30079
14 37928
15 46323
16 56312
17 66639
18 77838
19 90309
20 101723
21 114177
22 126565
23 139936
24 151318
25 162772
26 174940
27 186050
28 197666
29 212829
30 236290
31 292861
32 403004
33 391458
34 375130
35 359488
36 343681
37 328187
38 313157
39 298298
40 283502
41 269368
42 256139
43 243674
44 231037
45 218663
46 207455
47 195523
48 184949
49 174372
50 163722
51 154670
52 146145
53 137042
54 129143
55 120222
56 113645
57 105737
58 99070
59 92137
60 85512
61 79514
62 74067
63 68879
64 64037
65 59259
66 54774
67 50440
68 46344
69 42949
70 39316
71 36440
72 33161
73 30726
74 27994
75 25730
76 23209
77 21551
78 19656
79 17536
80 16542
81 14839
82 13349
83 12327
84 11404
85 10174
86 9287
87 8329
88 7687
89 7003
90 6193
91 5704
92 5064
93 4845
94 4365
95 3905
96 3564
97 3216
98 2928
99 2708
100 2411
101 2079
102 2014
103 1855
104 1640
105 1447
106 1294
107 1229
108 1116
109 1006
110 899
111 801
112 688
113 630
114 627
115 501
116 502
117 436
118 402
119 371
120 341
121 290
122 295
123 261
124 237
125 230
126 217
127 190
128 169
129 154
130 156
131 124
132 124
133 103
134 88
135 79
136 90
137 78
138 70
139 48
140 69
141 61
142 41
143 51
144 37
145 38
146 29
147 24
148 30
149 22
150 21
151 28
152 25
153 19
154 11
155 14
156 13
157 12
158 14
159 18
160 16
161 14
162 16
163 8
164 10
165 7
166 6
167 8
168 9
169 4
170 8
171 2
172 4
173 8
174 3
175 6
176 7
177 2
178 2
179 4
180 4
181 3
182 8
183 1
184 4
185 3
186 2
187 1
188 2
189 2
190 1
191 4
192 1
193 2
194 1
197 1
198 2
202 5
204 3
205 1
206 2
208 1
209 1
213 1
214 1
215 1
221 1
222 2
223 2
224 1
226 1
228 1
255 1
278 1
