491
0 2183
1 8891
2 19270
3 32220
4 45821
5 58947
6 72693
7 83721
8 94758
9 103962
10 111972
11 117297
12 122932
13 127498
14 129967
15 130624
16 131042
17 131433
18 131204
19 128243
20 127137
21 124870
22 122567
23 118558
24 115733
25 113090
26 109022
27 105964
28 103019
29 101088
30 100187
31 101307
32 101797
33 95248
34 89932
35 84949
36 79315
37 74931
38 70544
39 66753
40 62640
41 59009
42 55776
43 52676
44 49562
45 47401
46 44347
47 41909
48 39547
49 37821
50 35550
51 33586
52 32162
53 30055
54 28672
55 27044
56 25729
57 24450
58 23276
59 21851
60 20734
61 19588
62 18607
63 17758
64 18486
65 15971
66 14855
67 14266
68 13446
69 12811
70 12226
71 11679
72 11226
73 10582
74 9921
75 9470
76 9045
77 8497
78 8156
79 7645
80 7335
81 6975
82 6834
83 6493
84 6216
85 5913
86 5432
87 5285
88 5097
89 4867
90 4554
91 4440
92 4229
93 3938
94 3813
95 3513
96 3424
97 3285
98 3081
99 2984
100 2805
101 2782
102 2594
103 2521
104 2410
105 2330
106 2278
107 2140
108 1950
109 1918
110 1802
111 1834
112 1695
113 1604
114 1539
115 1534
116 1418
117 1384
118 1347
119 1281
120 1272
121 1183
122 1105
123 1027
124 1023
125 983
126 995
127 921
128 920
129 856
130 859
131 802
132 729
133 698
134 659
135 690
136 677
137 665
138 551
139 586
140 556
141 529
142 583
143 467
144 477
145 462
146 506
147 423
148 419
149 418
150 372
151 365
152 378
153 354
154 335
155 309
156 333
157 286
158 295
159 288
160 257
161 262
162 244
163 228
164 203
165 199
166 201
167 223
168 239
169 184
170 165
171 214
172 184
173 183
174 171
175 144
176 159
177 151
178 150
179 145
180 135
181 119
182 125
183 137
184 137
185 95
186 119
187 142
188 107
189 120
190 99
191 90
192 100
193 85
194 91
195 93
196 69
197 84
198 86
199 79
200 61
201 58
202 68
203 77
204 73
205 57
206 42
207 64
208 51
209 48
210 55
211 57
212 54
213 56
214 54
215 35
216 49
217 50
218 34
219 44
220 54
221 32
222 43
223 37
224 36
225 40
226 48
227 30
228 32
229 27
230 21
231 32
232 38
233 27
234 26
235 38
236 23
237 34
238 32
239 24
240 23
241 23
242 29
243 29
244 25
245 25
246 23
247 19
248 21
249 24
250 18
251 20
252 20
253 18
254 26
255 20
256 12
257 16
258 12
259 23
260 18
261 11
262 15
263 14
264 14
265 10
266 17
267 12
268 11
269 11
270 13
271 11
272 13
273 13
274 11
275 10
276 9
277 16
278 11
279 9
280 6
281 10
282 14
283 6
284 8
285 7
286 6
287 7
288 10
289 9
290 10
291 7
292 8
293 5
294 6
295 4
296 3
297 8
298 9
299 7
300 12
301 6
302 4
303 2
304 5
305 6
306 9
307 7
308 4
309 6
310 8
311 3
312 6
313 5
314 7
315 7
316 9
317 5
318 3
319 9
320 5
321 5
322 3
323 4
324 5
325 3
326 2
327 8
328 4
329 2
330 4
331 2
332 4
333 3
334 9
335 6
336 1
337 3
338 2
339 3
340 4
341 6
342 2
343 2
344 3
345 4
346 3
347 2
348 1
349 1
350 2
351 2
352 2
353 2
354 3
355 3
356 2
357 1
358 3
359 3
360 3
361 2
362 4
363 4
364 2
365 4
366 2
367 3
369 3
370 1
372 3
373 1
374 2
375 1
376 1
377 4
378 4
379 3
380 1
381 1
382 1
384 5
386 1
387 3
388 1
389 2
391 1
392 1
394 2
395 1
397 1
399 2
400 1
402 1
403 2
404 2
405 2
406 2
408 2
409 1
410 1
412 1
413 4
414 1
415 2
418 1
420 1
421 1
422 1
423 2
424 3
425 2
427 1
428 1
433 1
434 2
436 1
437 1
446 1
449 1
452 2
455 3
457 1
458 1
465 3
467 1
468 1
470 1
476 1
478 1
480 2
482 2
485 2
488 1
489 1
490 1
491 1
492 1
501 1
506 1
507 1
511 1
512 2
520 1
524 1
531 1
534 2
539 1
540 1
541 1
548 1
551 1
552 1
564 1
571 1
574 1
589 1
606 1
613 1
616 1
618 1
630 1
640 1
680 1
683 1
707 1
710 1
717 1
727 1
733 1
758 1
787 1
808 1
828 1
857 1
884 1
904 1
914 1
957 1
1109 1
1152 1
1160 1
1234 1
1254 1
1266 1
1275 1
1406 1
1537 1
1779 1
2374 1
2687 1
